217
167
TREETRUNK
(9.60, 0.80, 67.30)
(-0.63624, -0.30836, -0.30826, 0.63646)
(136.83, 136.83, 136.83)
True
TREE1
(192.78, 0.14, 159.13)
(0.00000, 0.52423, 0.00000, 0.85158)
(1.45, 1.45, 1.45)
True
TREE1
(180.67, 0.14, 154.03)
(0.00000, 0.32335, 0.00000, 0.94628)
(1.45, 1.45, 1.45)
True
TREETRUNK
(24.50, 0.80, 82.00)
(-0.70505, 0.05223, 0.05221, 0.70530)
(136.83, 136.83, 136.83)
True
TREE2
(-24.94, 0.99, 33.94)
(0.00000, 0.70711, 0.00000, 0.70711)
(1.00, 1.00, 1.00)
True
TREE1
(42.03, 0.89, 80.83)
(0.00000, 0.44117, 0.00000, 0.89742)
(1.45, 1.45, 1.45)
True
TREE1
(110.96, 0.14, 164.61)
(0.00000, -0.87251, 0.00000, 0.48859)
(1.45, 1.45, 1.45)
True
TREE1
(138.75, 0.14, -16.87)
(0.00000, 0.56177, 0.00000, 0.82729)
(1.45, 1.45, 1.45)
True
TREE1
(130.11, 0.14, 166.71)
(0.00000, 0.00000, 0.00000, 1.00000)
(1.45, 1.45, 1.45)
True
TREE1
(94.61, 0.24, 140.65)
(0.00000, -0.49122, 0.00000, 0.87103)
(3.00, 3.00, 3.00)
True
TREE1
(133.19, 0.24, 28.22)
(0.00000, 0.55050, 0.00000, 0.83484)
(3.00, 3.00, 3.00)
True
TREE1
(179.38, 0.14, 159.27)
(0.00000, 0.00000, 0.00000, 1.00000)
(1.45, 1.45, 1.45)
True
TREE1
(177.15, 0.19, 25.28)
(0.00000, 0.53335, 0.00000, 0.84590)
(2.00, 2.00, 2.00)
True
TREE1
(74.62, 0.24, 66.30)
(0.00000, 0.07092, 0.00000, 0.99748)
(3.00, 3.00, 3.00)
True
TREE1
(77.62, 0.24, 83.28)
(0.00000, 0.00000, 0.00000, 1.00000)
(3.00, 3.00, 3.00)
True
TREE1
(-19.52, 0.79, -6.83)
(0.00000, -0.90960, 0.00000, 0.41549)
(1.45, 1.45, 1.45)
True
TREE1
(63.52, 0.24, 70.89)
(0.00000, 0.37889, 0.00000, 0.92544)
(3.00, 3.00, 3.00)
True
TREE1
(178.48, 0.19, 51.70)
(0.00000, 0.20817, 0.00000, 0.97809)
(2.00, 2.00, 2.00)
True
TREE1
(101.60, 0.14, 3.51)
(0.00000, 0.14649, 0.00000, 0.98921)
(1.45, 1.45, 1.45)
True
TREE1
(-1.77, 0.79, -6.94)
(0.00000, -0.90960, 0.00000, 0.41549)
(1.45, 1.45, 1.45)
True
TREE1
(151.73, 0.14, 1.64)
(0.00000, -0.18093, 0.00000, 0.98350)
(1.45, 1.45, 1.45)
True
TREE1
(16.10, 0.75, 58.50)
(0.00000, -0.30328, 0.00000, 0.95290)
(3.00, 3.00, 3.00)
True
TREE1
(184.58, 0.19, 68.63)
(0.00000, 0.55550, 0.00000, 0.83152)
(2.00, 2.00, 2.00)
True
TREE1
(-4.26, 0.60, 1.67)
(0.00000, -0.36301, 0.00000, 0.93179)
(1.45, 1.45, 1.45)
True
TREE1
(73.43, 0.14, 78.39)
(0.00000, 0.00000, 0.00000, 1.00000)
(1.45, 1.45, 1.45)
True
TREE2
(-20.61, 0.99, 26.16)
(0.00000, 0.00000, 0.00000, 1.00000)
(1.00, 1.00, 1.00)
True
TREE2
(-11.70, 0.99, 21.30)
(0.00000, 0.00000, 0.00000, 1.00000)
(1.00, 1.00, 1.00)
True
TREE1
(85.02, 0.14, -18.22)
(0.00000, 0.00000, 0.00000, 1.00000)
(1.45, 1.45, 1.45)
True
TREE1
(134.57, 0.46, 47.34)
(0.00058, 0.59855, 0.00028, 0.80109)
(3.00, 3.00, 3.00)
True
TREE1
(50.83, 0.24, 89.67)
(0.00000, 0.00000, 0.00000, 1.00000)
(3.00, 3.00, 3.00)
True
TREE2
(3.35, 5.07, 24.01)
(0.00000, 0.00000, 0.00000, 1.00000)
(1.00, 1.00, 1.00)
True
TREE1
(153.41, 0.14, 23.65)
(0.00000, 0.69199, 0.00000, 0.72191)
(1.45, 1.45, 1.45)
True
TREE1
(61.05, 0.14, -16.96)
(0.00000, 0.27239, 0.00000, 0.96219)
(1.45, 1.45, 1.45)
True
TREE1
(198.14, 0.19, 167.81)
(0.00000, 0.00000, 0.00000, 1.00000)
(2.00, 2.00, 2.00)
True
TREE1
(102.89, 0.14, -16.45)
(0.00000, 0.44209, 0.00000, 0.89697)
(1.45, 1.45, 1.45)
True
TREE1
(211.64, 0.14, 19.98)
(0.00000, 0.00000, 0.00000, 1.00000)
(1.45, 1.45, 1.45)
True
TREE1
(89.12, 0.19, 151.58)
(0.00000, -0.39273, 0.00000, 0.91966)
(2.00, 2.00, 2.00)
True
TREE1
(-9.10, 0.75, 78.20)
(0.00000, -0.23319, 0.00000, 0.97243)
(2.00, 2.00, 2.00)
True
TREE1
(127.50, 0.19, 49.30)
(0.00000, -0.46503, 0.00000, 0.88530)
(2.00, 2.00, 2.00)
True
TREE1
(-18.23, 0.79, -6.12)
(0.00000, -0.90960, 0.00000, 0.41549)
(1.45, 1.45, 1.45)
True
TREE1
(204.95, 0.19, 12.48)
(0.00000, -0.40825, 0.00000, 0.91287)
(2.00, 2.00, 2.00)
True
TREE1
(-7.50, 0.75, 102.70)
(0.00000, 0.41898, 0.00000, 0.90800)
(3.00, 3.00, 3.00)
True
TREE1
(209.81, 0.14, 45.42)
(0.00000, 0.00000, 0.00000, 1.00000)
(1.45, 1.45, 1.45)
True
TREE1
(88.64, 0.19, 128.11)
(0.00000, -0.86643, 0.00000, 0.49929)
(2.00, 2.00, 2.00)
True
TREE1
(183.89, 0.14, 12.35)
(0.00000, 0.96124, 0.00000, 0.27570)
(1.45, 1.45, 1.45)
True
TREE1
(130.48, 0.14, 1.09)
(0.00000, 0.00000, 0.00000, 1.00000)
(1.45, 1.45, 1.45)
True
TREE1
(172.38, 0.19, 2.35)
(0.00000, 0.39467, 0.00000, 0.91882)
(2.00, 2.00, 2.00)
True
TREE1
(-4.50, 0.75, 73.80)
(0.00000, -0.30328, 0.00000, 0.95290)
(3.00, 3.00, 3.00)
True
TREE1
(149.06, 0.14, 53.92)
(0.00000, 0.00000, 0.00000, 1.00000)
(1.45, 1.45, 1.45)
True
TREE1
(-23.95, 2.07, 44.17)
(0.00000, 0.40219, 0.00000, 0.91556)
(1.45, 1.45, 1.45)
True
TREE1
(-3.40, 0.75, 95.70)
(0.00000, 0.00000, 0.00000, 1.00000)
(3.00, 3.00, 3.00)
True
TREE1
(15.30, 0.75, 99.30)
(0.00000, 0.00000, 0.00000, 1.00000)
(3.00, 3.00, 3.00)
True
TREE1
(98.45, 0.24, 20.03)
(0.00000, 0.33645, 0.00000, 0.94170)
(3.00, 3.00, 3.00)
True
TREE2
(-16.70, 0.99, -4.40)
(0.00000, 0.00000, 0.00000, 1.00000)
(1.00, 1.00, 1.00)
True
TREE1
(-25.23, 0.79, 20.60)
(0.00000, -0.74896, 0.00000, 0.66262)
(1.45, 1.45, 1.45)
True
TREE1
(-6.60, 0.75, 54.80)
(0.00000, 0.00000, 0.00000, 1.00000)
(3.00, 3.00, 3.00)
True
TREE1
(-2.20, 0.75, 85.40)
(0.00000, -0.30328, 0.00000, 0.95290)
(3.00, 3.00, 3.00)
True
TREE1
(104.23, 0.14, 53.70)
(0.00000, -0.85102, 0.00000, 0.52514)
(1.45, 1.45, 1.45)
True
TREE1
(212.17, 0.19, 1.78)
(0.00000, 0.00000, 0.00000, 1.00000)
(2.00, 2.00, 2.00)
True
TREE1
(193.88, 0.19, 150.59)
(0.00000, -0.46948, 0.00000, 0.88294)
(2.00, 2.00, 2.00)
True
TREE1
(146.75, 0.24, -10.44)
(-0.00233, -0.36526, -0.00368, 0.93090)
(3.00, 3.00, 3.00)
True
TREE1
(110.04, 0.24, 34.62)
(0.00000, 0.58388, 0.00000, 0.81184)
(3.00, 3.00, 3.00)
True
TREE1
(-23.56, 2.07, -0.62)
(0.00000, -0.36301, 0.00000, 0.93179)
(1.45, 1.45, 1.45)
True
TREE1
(191.29, 0.14, 37.10)
(0.00000, 0.00000, 0.00000, 1.00000)
(1.45, 1.45, 1.45)
True
TREE1
(123.36, 0.19, 15.62)
(0.00000, 0.00000, 0.00000, 1.00000)
(2.00, 2.00, 2.00)
True
TREE1
(175.59, 0.14, 19.81)
(0.00000, 0.00000, 0.00000, 1.00000)
(1.45, 1.45, 1.45)
True
TREE1
(116.56, 0.14, 10.94)
(0.00000, -0.84137, 0.00000, 0.54046)
(1.45, 1.45, 1.45)
True
TREE1
(1.90, 0.75, 56.20)
(0.00000, 0.00000, 0.00000, 1.00000)
(2.00, 2.00, 2.00)
True
TREE1
(193.78, 0.19, 43.33)
(0.00000, 0.76788, 0.00000, 0.64060)
(2.00, 2.00, 2.00)
True
TREE1
(-5.50, 0.75, 83.90)
(0.00000, 0.28192, 0.00000, 0.95944)
(1.45, 1.45, 1.45)
True
TREE1
(167.96, 0.14, 54.53)
(0.00000, -0.46057, 0.00000, 0.88762)
(1.45, 1.45, 1.45)
True
TREE1
(-16.11, 0.79, -3.65)
(0.00000, -0.90960, 0.00000, 0.41549)
(1.45, 1.45, 1.45)
True
TREE1
(165.12, 0.14, 26.21)
(0.00000, -0.48043, 0.00000, 0.87703)
(1.45, 1.45, 1.45)
True
TREE1
(-3.20, 0.75, 78.60)
(0.00000, -0.33742, 0.00000, 0.94135)
(3.00, 3.00, 3.00)
True
TREE2
(-22.68, 0.99, 6.32)
(0.00000, 0.00000, 0.00000, 1.00000)
(1.00, 1.00, 1.00)
True
TREE1
(175.77, 0.14, 57.21)
(0.00000, 0.00000, 0.00000, 1.00000)
(1.45, 1.45, 1.45)
True
TREE1
(166.83, 0.19, 157.13)
(0.00000, -0.71898, 0.00000, 0.69503)
(2.00, 2.00, 2.00)
True
TREE1
(99.00, 0.89, 31.48)
(0.00000, 0.93046, 0.00000, 0.36640)
(1.45, 1.45, 1.45)
True
TREE1
(92.51, 0.23, 91.22)
(-0.00044, -0.29426, 0.00144, 0.95572)
(3.00, 3.00, 3.00)
True
TREE2
(-13.70, 0.99, -5.70)
(0.00000, 0.00000, 0.00000, 1.00000)
(1.00, 1.00, 1.00)
True
TREE1
(130.51, 0.19, -8.89)
(0.00000, 0.54230, 0.00000, 0.84019)
(2.00, 2.00, 2.00)
True
TREE1
(12.70, 0.75, 81.70)
(0.00000, -0.49992, 0.00000, 0.86607)
(3.00, 3.00, 3.00)
True
TREE1
(166.51, 0.14, -19.44)
(0.00000, 0.00000, 0.00000, 1.00000)
(1.45, 1.45, 1.45)
True
TREE1
(109.11, 0.14, 6.08)
(0.00000, -0.36075, 0.00000, 0.93266)
(1.45, 1.45, 1.45)
True
TREE2
(-18.22, 0.99, 44.10)
(0.00000, 0.70711, 0.00000, 0.70711)
(1.00, 1.00, 1.00)
True
TREE1
(-25.77, 0.63, 5.36)
(0.00000, -0.52228, 0.00000, 0.85278)
(1.45, 1.45, 1.45)
True
TREE1
(3.80, 0.75, 53.30)
(0.00000, -0.30328, 0.00000, 0.95290)
(3.00, 3.00, 3.00)
True
TREE1
(68.04, 0.19, 104.83)
(0.00000, 0.00000, 0.00000, 1.00000)
(2.00, 2.00, 2.00)
True
TREE1
(182.60, 0.14, 63.68)
(0.00000, -0.41548, 0.00000, 0.90960)
(1.45, 1.45, 1.45)
True
TREE2
(-15.95, 0.99, 44.50)
(0.00000, 0.70711, 0.00000, 0.70711)
(1.00, 1.00, 1.00)
True
TREE1
(65.85, 0.14, 94.59)
(0.00000, 0.00000, 0.00000, 1.00000)
(1.45, 1.45, 1.45)
True
TREE1
(16.20, 0.75, 52.30)
(0.00000, -0.30328, 0.00000, 0.95290)
(3.00, 3.00, 3.00)
True
TREE1
(138.25, 0.14, 132.83)
(0.00000, 0.37464, 0.00000, 0.92717)
(1.45, 1.45, 1.45)
True
TREE1
(-25.12, 0.79, 16.80)
(0.00000, -0.90032, 0.00000, -0.43523)
(1.45, 1.45, 1.45)
True
TREE1
(-4.75, 0.75, 61.18)
(0.00000, -0.30328, 0.00000, 0.95290)
(3.00, 3.00, 3.00)
True
TREE1
(136.27, 0.14, 56.49)
(0.00000, 0.00000, 0.00000, 1.00000)
(1.45, 1.45, 1.45)
True
TREE1
(116.44, 0.19, 162.80)
(0.00000, 0.47612, 0.00000, 0.87938)
(2.00, 2.00, 2.00)
True
TREE1
(20.90, 0.75, 95.90)
(0.00000, -0.93327, 0.00000, 0.35918)
(3.00, 3.00, 3.00)
True
TREE1
(138.89, 0.14, 152.45)
(0.00000, 0.00000, 0.00000, 1.00000)
(1.45, 1.45, 1.45)
True
TREE1
(53.71, 0.24, 70.37)
(0.00000, 0.00000, 0.00000, 1.00000)
(3.00, 3.00, 3.00)
True
TREE1
(4.98, 0.79, -7.32)
(0.00000, -0.90960, 0.00000, 0.41549)
(1.45, 1.45, 1.45)
True
TREE1
(-23.70, 0.79, -6.50)
(0.00000, -0.90960, 0.00000, 0.41549)
(1.45, 1.45, 1.45)
True
TREE1
(157.36, 0.19, 125.59)
(0.00000, 0.34884, 0.00000, 0.93718)
(2.00, 2.00, 2.00)
True
TREE1
(-3.40, 0.75, 95.70)
(0.00000, -0.04702, 0.00000, 0.99889)
(3.00, 3.00, 3.00)
True
TREE2
(-24.26, 0.99, 3.29)
(0.00000, 0.00000, 0.00000, 1.00000)
(1.00, 1.00, 1.00)
True
TREE1
(123.29, 0.14, 21.55)
(0.00000, 0.00000, 0.00000, 1.00000)
(1.45, 1.45, 1.45)
True
TREE1
(117.85, 0.24, 138.25)
(0.00000, -0.62755, 0.00000, 0.77858)
(3.00, 3.00, 3.00)
True
TREE1
(34.22, 0.75, 76.11)
(-0.62817, 0.00000, 0.00000, 0.77807)
(0.10, 0.10, 0.10)
True
TREE1
(85.83, 0.14, 74.22)
(0.00000, -0.30588, 0.00000, 0.95207)
(1.45, 1.45, 1.45)
True
TREE1
(149.10, 0.19, 148.77)
(0.00000, 0.00000, 0.00000, 1.00000)
(2.00, 2.00, 2.00)
True
TREE1
(-4.00, 0.75, 106.10)
(0.00000, -0.20851, 0.00000, 0.97802)
(1.45, 1.45, 1.45)
True
TREE1
(-10.53, 0.79, -7.38)
(0.00000, -0.90960, 0.00000, 0.41549)
(1.45, 1.45, 1.45)
True
TREE1
(-2.80, 0.75, 100.10)
(0.00000, -0.20313, 0.00000, 0.97915)
(3.00, 3.00, 3.00)
True
TREE2
(-23.13, 0.99, 18.91)
(0.00000, 0.00000, 0.00000, 1.00000)
(1.00, 1.00, 1.00)
True
TREE2
(-24.57, 0.99, 11.53)
(0.00000, 0.00000, 0.00000, 1.00000)
(1.00, 1.00, 1.00)
True
TREE1
(197.77, 0.14, 33.05)
(0.00000, -0.26083, 0.00000, 0.96538)
(1.45, 1.45, 1.45)
True
TREE1
(89.59, 0.14, 134.00)
(0.00087, 0.39629, 0.00019, 0.91813)
(1.45, 1.45, 1.45)
True
TREE1
(138.71, 0.14, 17.84)
(0.00000, 0.34153, 0.00000, 0.93987)
(1.45, 1.45, 1.45)
True
TREE1
(147.79, 0.24, 138.79)
(0.00000, 0.54378, 0.00000, 0.83923)
(3.00, 3.00, 3.00)
True
TREE1
(91.39, 0.19, 163.04)
(0.00000, -0.43555, 0.00000, 0.90016)
(2.00, 2.00, 2.00)
True
TREE1
(-22.24, 0.79, 31.50)
(0.00000, 0.28678, 0.00000, 0.95800)
(1.45, 1.45, 1.45)
True
TREE1
(153.94, 0.94, 59.96)
(0.00000, 0.00000, 0.00000, 1.00000)
(2.00, 2.00, 2.00)
True
TREE1
(47.72, 0.14, 103.85)
(0.00000, 0.00000, 0.00000, 1.00000)
(1.45, 1.45, 1.45)
True
TREE1
(133.73, 0.24, 7.60)
(0.00000, -0.54694, 0.00000, 0.83717)
(3.00, 3.00, 3.00)
True
TREE1
(-5.40, 0.75, 89.40)
(0.00000, 0.00000, 0.00000, 1.00000)
(2.00, 2.00, 2.00)
True
TREE1
(-21.14, 0.79, 22.70)
(0.00000, -0.86427, 0.00000, 0.50302)
(1.45, 1.45, 1.45)
True
TREE1
(41.62, 0.89, 68.00)
(0.00000, 0.46511, 0.00000, 0.88525)
(1.45, 1.45, 1.45)
True
TREE1
(-25.38, 0.79, 30.27)
(0.00000, -0.54464, 0.00000, 0.83867)
(1.45, 1.45, 1.45)
True
TREE1
(9.30, 0.75, 58.10)
(0.00000, 0.08542, 0.00000, 0.99635)
(3.00, 3.00, 3.00)
True
TREE1
(212.67, 0.14, 167.15)
(0.00000, -0.59296, 0.00000, 0.80523)
(1.45, 1.45, 1.45)
True
TREE1
(70.79, 0.19, -12.53)
(0.00000, -0.31507, 0.00000, 0.94907)
(2.00, 2.00, 2.00)
True
TREE1
(4.20, 0.75, 91.30)
(0.00000, 0.00000, 0.00000, 1.00000)
(1.45, 1.45, 1.45)
True
TREE1
(-4.00, 0.75, 106.10)
(0.00000, 0.00000, 0.00000, 1.00000)
(1.45, 1.45, 1.45)
True
TREE1
(-22.89, 0.79, 36.35)
(0.00000, -0.34939, 0.00000, 0.93698)
(1.45, 1.45, 1.45)
True
TREE1
(-25.54, 0.79, 25.59)
(0.00000, -0.15126, 0.00000, 0.98849)
(1.45, 1.45, 1.45)
True
TREE1
(-16.93, 0.79, -7.63)
(0.00000, -0.90960, 0.00000, 0.41549)
(1.45, 1.45, 1.45)
True
TREE1
(3.50, 0.75, 104.50)
(0.00000, -0.54603, 0.00000, 0.83777)
(3.00, 3.00, 3.00)
True
TREE1
(214.79, 0.24, 159.96)
(0.00000, 0.00000, 0.00000, 1.00000)
(3.00, 3.00, 3.00)
True
TREE2
(-23.64, 0.99, 36.94)
(0.00000, 0.70711, 0.00000, 0.70711)
(1.00, 1.00, 1.00)
True
TREE1
(193.24, 0.24, 24.90)
(0.00000, 0.00000, 0.00000, 1.00000)
(3.00, 3.00, 3.00)
True
TREE1
(98.13, 0.14, 77.08)
(0.00000, 0.00000, 0.00000, 1.00000)
(1.45, 1.45, 1.45)
True
TREE1
(128.13, 0.14, 155.26)
(0.00000, 0.00000, 0.00000, 1.00000)
(1.45, 1.45, 1.45)
True
TREE1
(66.71, 0.14, -6.08)
(0.00000, 0.43992, 0.00000, 0.89804)
(1.45, 1.45, 1.45)
True
TREE1
(86.77, 0.19, -11.87)
(0.00000, 0.00000, 0.00000, 1.00000)
(2.00, 2.00, 2.00)
True
TREE1
(169.63, 0.14, -12.09)
(0.00000, 0.60952, 0.00000, 0.79277)
(1.45, 1.45, 1.45)
True
TREE1
(183.17, 0.14, 32.25)
(0.00000, 0.00000, 0.00000, 1.00000)
(1.45, 1.45, 1.45)
True
TREE1
(205.38, 0.14, 62.67)
(0.00000, 0.00000, 0.00000, 1.00000)
(1.45, 1.45, 1.45)
True
TREETRUNK
(4.25, 0.75, 73.02)
(-0.70711, 0.00000, 0.00000, 0.70711)
(136.83, 136.83, 136.83)
True
TREE1
(106.80, 0.24, -6.14)
(0.00000, 0.62530, 0.00000, 0.78038)
(3.00, 3.00, 3.00)
True
TREE1
(150.00, 0.19, 167.31)
(0.00000, 0.00000, 0.00000, 1.00000)
(2.00, 2.00, 2.00)
True
TREE1
(178.76, 0.14, 35.12)
(0.00000, -0.71349, 0.00000, 0.70067)
(1.45, 1.45, 1.45)
True
TREE1
(114.87, 0.14, 132.38)
(0.00000, 0.00000, 0.00000, 1.00000)
(1.45, 1.45, 1.45)
True
TREE1
(-8.90, 0.75, 81.50)
(0.00000, 0.00000, 0.00000, 1.00000)
(1.45, 1.45, 1.45)
True
TREE1
(181.44, 0.14, 42.18)
(0.00000, 0.00000, 0.00000, 1.00000)
(1.45, 1.45, 1.45)
True
TREE1
(175.16, 0.14, 30.58)
(0.00000, 0.95718, 0.00000, 0.28948)
(1.45, 1.45, 1.45)
True
TREE1
(192.40, 0.14, -4.03)
(0.00000, 0.43242, 0.00000, 0.90167)
(1.45, 1.45, 1.45)
True
TREE1
(111.43, 0.19, -16.67)
(0.00000, 0.00000, 0.00000, 1.00000)
(2.00, 2.00, 2.00)
True
TREE1
(203.36, 0.14, 153.89)
(0.00000, 0.00000, 0.00000, 1.00000)
(1.45, 1.45, 1.45)
True
TREE1
(2.90, 0.75, 100.30)
(0.00000, -0.30328, 0.00000, 0.95290)
(3.00, 3.00, 3.00)
True
TREE1
(89.75, 0.24, 70.86)
(0.00000, 0.27179, 0.00000, 0.96236)
(3.00, 3.00, 3.00)
True
TREE1
(174.27, 0.24, 165.41)
(0.00000, 0.40846, 0.00000, 0.91278)
(3.00, 3.00, 3.00)
True
TREE1
(23.10, 0.75, 67.90)
(0.00000, 0.00000, 0.00000, 1.00000)
(1.45, 1.45, 1.45)
True
TREE1
(191.17, 0.14, 47.62)
(0.00000, -0.42858, 0.00000, 0.90350)
(1.45, 1.45, 1.45)
True
TREE1
(24.80, 0.75, 55.50)
(0.00000, 0.00000, 0.00000, 1.00000)
(2.00, 2.00, 2.00)
True
TREE1
(100.11, 0.24, 155.50)
(0.00000, 0.77364, 0.00000, 0.63362)
(3.00, 3.00, 3.00)
True
TREE1
(129.39, 0.14, 56.27)
(0.00000, 0.61648, 0.00000, 0.78737)
(1.45, 1.45, 1.45)
True
TREE1
(109.27, 0.24, 49.82)
(0.00000, 0.00000, 0.00000, 1.00000)
(3.00, 3.00, 3.00)
True
TREE1
(158.08, 0.19, 51.38)
(0.00000, 0.00000, 0.00000, 1.00000)
(2.00, 2.00, 2.00)
True
TREE1
(-25.29, 0.79, 34.66)
(0.00000, 0.28678, 0.00000, 0.95800)
(1.45, 1.45, 1.45)
True
TREE1
(52.43, 0.19, 98.28)
(0.00000, 0.44958, 0.00000, 0.89324)
(2.00, 2.00, 2.00)
True
TREE1
(-21.13, 2.27, -4.20)
(0.00000, -0.36301, 0.00000, 0.93179)
(1.45, 1.45, 1.45)
True
TREETRUNK
(29.60, 0.80, 70.00)
(-0.70711, 0.00000, 0.00000, 0.70711)
(136.83, 136.83, 136.83)
True
TREE1
(152.98, 0.19, 17.46)
(0.00000, 0.00000, 0.00000, 1.00000)
(2.00, 2.00, 2.00)
True
TREE1
(5.67, 3.65, 25.81)
(0.00000, 0.00000, 0.00000, 1.00000)
(1.45, 1.45, 1.45)
True
TREE1
(-8.00, 0.75, 58.90)
(0.00000, 0.37962, 0.00000, 0.92514)
(1.45, 1.45, 1.45)
True
TREE2
(-21.78, 0.99, 11.92)
(0.00000, 0.00000, 0.00000, 1.00000)
(1.00, 1.00, 1.00)
True
TREETRUNK
(28.90, 0.80, 87.20)
(-0.70711, 0.00000, 0.00000, 0.70711)
(136.83, 136.83, 136.83)
True
TREE1
(-3.40, 0.75, 53.20)
(0.00000, 0.00000, 0.00000, 1.00000)
(1.45, 1.45, 1.45)
True
TREE1
(161.52, 0.24, 15.11)
(0.00000, 0.00000, 0.00000, 1.00000)
(3.00, 3.00, 3.00)
True
TREE1
(-25.89, 2.07, 1.46)
(0.00000, -0.36301, 0.00000, 0.93179)
(1.45, 1.45, 1.45)
True
TREE1
(118.28, 0.14, 153.80)
(0.00000, -0.48067, 0.00000, 0.87690)
(1.45, 1.45, 1.45)
True
TREE1
(-23.44, 2.27, 41.37)
(0.00000, 0.40219, 0.00000, 0.91556)
(1.45, 1.45, 1.45)
True
TREE1
(23.10, 0.75, 67.90)
(0.00000, 0.00000, 0.00000, 1.00000)
(1.45, 1.45, 1.45)
True
TREE1
(-3.60, 0.75, 65.80)
(0.00000, -0.20936, 0.00000, 0.97784)
(3.00, 3.00, 3.00)
True
TREE1
(161.78, 0.14, 153.04)
(0.00000, -0.76271, 0.00000, 0.64674)
(1.45, 1.45, 1.45)
True
TREE1
(11.20, 0.75, 88.96)
(0.00000, 0.00000, 0.00000, 1.00000)
(2.00, 2.00, 2.00)
True
TREE1
(-7.30, 0.75, 68.80)
(0.00000, -0.28845, 0.00000, 0.95750)
(3.00, 3.00, 3.00)
True
TREE1
(146.95, 0.14, 126.80)
(0.00000, 0.00000, 0.00000, 1.00000)
(1.45, 1.45, 1.45)
True
TREE1
(2.98, 0.75, 67.36)
(0.00000, 0.00000, 0.00000, 1.00000)
(1.45, 1.45, 1.45)
True
TREE1
(1.14, 0.79, -6.93)
(0.00000, -0.90960, 0.00000, 0.41549)
(1.45, 1.45, 1.45)
True
TREE1
(137.06, 0.24, 160.18)
(0.00139, 0.49179, -0.00413, 0.87070)
(3.00, 3.00, 3.00)
True
TREE1
(-12.94, 0.63, 42.10)
(0.00000, 0.23370, 0.00000, 0.97231)
(1.45, 1.45, 1.45)
True
TREE1
(141.67, 0.14, 36.06)
(0.00000, -0.54089, 0.00000, 0.84109)
(1.45, 1.45, 1.45)
True
TREE1
(151.62, 0.14, 9.18)
(0.00000, 0.76573, 0.00000, 0.64316)
(1.45, 1.45, 1.45)
True
TREE1
(-21.56, 0.79, -6.79)
(0.00000, -0.69214, 0.00000, -0.72176)
(1.45, 1.45, 1.45)
True
TREE1
(153.88, 0.14, 46.66)
(0.00000, 0.37846, 0.00000, 0.92562)
(1.45, 1.45, 1.45)
True
TREE1
(139.54, 0.14, -2.60)
(0.00000, 0.00000, 0.00000, 1.00000)
(1.45, 1.45, 1.45)
True
TREE1
(124.46, 0.14, -13.84)
(0.00000, 0.00000, 0.00000, 1.00000)
(1.45, 1.45, 1.45)
True
TREE1
(71.71, 0.24, 99.20)
(0.00000, 0.00000, 0.00000, 1.00000)
(3.00, 3.00, 3.00)
True
TREE1
(186.29, 0.24, 7.37)
(0.00000, 0.99429, 0.00000, 0.10674)
(3.00, 3.00, 3.00)
True
TREE1
(-14.74, 0.79, -6.61)
(0.00000, -0.86777, 0.00000, -0.49697)
(1.45, 1.45, 1.45)
True
TREE1
(163.44, 0.24, 40.79)
(0.00000, -0.33792, 0.00000, 0.94118)
(3.00, 3.00, 3.00)
True
TREE1
(111.08, 0.14, 25.71)
(0.00000, -0.11857, 0.00000, 0.99295)
(1.45, 1.45, 1.45)
True
TREE1
(187.79, 0.24, 58.71)
(0.00000, 0.44525, 0.00000, 0.89541)
(3.00, 3.00, 3.00)
True
TREE1
(137.46, 0.14, 139.91)
(0.00000, 0.00000, 0.00000, 1.00000)
(1.45, 1.45, 1.45)
True
TREE1
(96.65, 0.14, -6.41)
(0.00000, 0.46847, 0.00000, 0.88348)
(1.45, 1.45, 1.45)
True
TREE1
(130.75, 0.14, 33.54)
(0.00000, 0.45582, 0.00000, 0.89007)
(1.45, 1.45, 1.45)
True
TREE1
(202.88, 0.94, 71.73)
(0.00000, 0.00000, 0.00000, 1.00000)
(2.00, 2.00, 2.00)
True
TREE1
(66.06, 0.27, 87.40)
(0.00000, 0.46713, 0.00000, 0.88419)
(3.00, 3.00, 3.00)
True
TREE1
(20.10, 0.75, 55.50)
(0.00000, -0.30328, 0.00000, 0.95290)
(3.00, 3.00, 3.00)
True
TREE1
(157.48, 0.19, 32.08)
(0.00000, 0.78259, 0.00000, 0.62254)
(2.00, 2.00, 2.00)
True
TREE1
(128.77, 0.14, 9.61)
(0.00000, 0.00000, 0.00000, 1.00000)
(1.45, 1.45, 1.45)
True
TREE1
(-19.86, 2.07, 43.80)
(0.00000, 0.40219, 0.00000, 0.91556)
(1.45, 1.45, 1.45)
True
TREE1
(92.55, 0.14, 101.02)
(0.00000, 0.39200, 0.00000, 0.91997)
(1.45, 1.45, 1.45)
True
TREE1
(112.05, 0.14, 127.22)
(0.00000, 0.00000, 0.00000, 1.00000)
(1.45, 1.45, 1.45)
True
TREE1
(92.77, 0.14, 120.10)
(0.00000, 0.72386, 0.00000, 0.68994)
(1.45, 1.45, 1.45)
True
TREE1
(53.63, 0.14, 72.64)
(0.00000, 0.00000, 0.00000, 1.00000)
(1.45, 1.45, 1.45)
True
TREE1
(190.66, 0.14, 15.87)
(-0.00004, 0.30296, 0.00000, 0.95300)
(1.45, 1.45, 1.45)
True
TREE1
(-6.22, 0.79, -7.15)
(0.00000, -0.90960, 0.00000, 0.41549)
(1.45, 1.45, 1.45)
True
TREE1
(156.46, 0.14, 159.38)
(0.00000, 0.12401, 0.00000, 0.99228)
(1.45, 1.45, 1.45)
True
TREE1
(102.18, 0.19, 41.24)
(0.00000, 0.35620, 0.00000, 0.93441)
(2.00, 2.00, 2.00)
True
TREE1
(94.05, 0.24, 111.96)
(0.00000, 0.82405, 0.00000, 0.56652)
(3.00, 3.00, 3.00)
True
TREE1
(-26.13, 0.79, 11.29)
(0.00000, -0.11407, 0.00000, -0.99347)
(1.45, 1.45, 1.45)
True
TREE1
(10.70, 0.75, 53.30)
(0.00000, -0.30328, 0.00000, 0.95290)
(3.00, 3.00, 3.00)
True
TREE1
(162.40, 0.14, 165.95)
(0.00000, 0.29325, 0.00000, 0.95604)
(1.45, 1.45, 1.45)
True
TREE1
(-25.26, 2.27, -3.65)
(0.00000, 0.00000, 0.00000, 1.00000)
(1.45, 1.45, 1.45)
True
TREE1
(83.97, 0.14, -5.53)
(0.00000, 0.00000, 0.00000, 1.00000)
(1.45, 1.45, 1.45)
True
TREE1
(151.25, 0.19, 37.12)
(0.00000, 0.00000, 0.00000, 1.00000)
(2.00, 2.00, 2.00)
True
TREE1
(160.45, 0.24, 67.03)
(0.00000, 0.81320, 0.00000, 0.58199)
(3.00, 3.00, 3.00)
True
TREE1
(189.26, 0.14, 167.57)
(0.00000, 0.45723, 0.00000, 0.88935)
(1.45, 1.45, 1.45)
True
TREE2
(-23.86, 0.99, 1.02)
(0.00000, 0.00000, 0.00000, 1.00000)
(1.00, 1.00, 1.00)
True
TREE1
(110.14, 0.14, 145.04)
(0.00000, 0.00000, 0.00000, 1.00000)
(1.45, 1.45, 1.45)
True
TREE2
(-10.25, 0.99, 41.11)
(0.00000, 0.00000, 0.00000, 1.00000)
(1.00, 1.00, 1.00)
True
TREE1
(-10.10, 0.75, 105.80)
(0.00000, 0.00000, 0.00000, 1.00000)
(2.00, 2.00, 2.00)
True
TREE1
(-7.40, 0.75, 98.80)
(0.00000, 0.00000, 0.00000, 1.00000)
(1.45, 1.45, 1.45)
True
TREE1
(-13.88, 0.63, 46.01)
(0.00000, 0.23370, 0.00000, 0.97231)
(1.45, 1.45, 1.45)
True
TREE1
(60.22, 0.14, 79.93)
(0.00000, 0.00000, 0.00000, 1.00000)
(1.45, 1.45, 1.45)
True
TREE1
(125.27, 0.24, 146.77)
(0.00000, 0.00000, 0.00000, 1.00000)
(3.00, 3.00, 3.00)
True
TREE1
(154.76, 0.19, -2.52)
(0.00000, 0.00000, 0.00000, 1.00000)
(2.00, 2.00, 2.00)
True
TREE1
(127.46, 0.24, 127.59)
(0.00000, 0.00000, 0.00000, 1.00000)
(3.00, 3.00, 3.00)
True
TREE1
(206.20, 0.24, 38.69)
(-0.00386, -0.36045, -0.00149, 0.93277)
(3.00, 3.00, 3.00)
True
TREE1
(125.17, 0.14, 39.28)
(0.00000, -0.24152, 0.00000, 0.97040)
(1.45, 1.45, 1.45)
True
TREE1
(81.24, 0.94, 112.23)
(0.00000, 0.00000, 0.00000, 1.00000)
(2.00, 2.00, 2.00)
True
TREE1
(98.32, 0.19, 128.81)
(0.00000, 0.00000, 0.00000, 1.00000)
(2.00, 2.00, 2.00)
True
TREE1
(101.00, 0.14, 12.08)
(0.00000, 0.55686, 0.00000, 0.83060)
(1.45, 1.45, 1.45)
True
TREE1
(113.85, 0.24, 2.65)
(0.00000, 0.99211, 0.00000, 0.12541)
(3.00, 3.00, 3.00)
True
TREE1
(209.28, 0.19, 56.18)
(0.00000, 0.33540, 0.00000, 0.94208)
(2.00, 2.00, 2.00)
True
TREE1
(217.19, 0.14, 26.65)
(0.00000, 0.00000, 0.00000, 1.00000)
(1.45, 1.45, 1.45)
True
TREE1
(139.09, 0.19, 30.66)
(0.00000, 0.00000, 0.00000, 1.00000)
(2.00, 2.00, 2.00)
True
TREE1
(159.74, 0.14, 5.18)
(0.00000, 0.50868, 0.00000, 0.86095)
(1.45, 1.45, 1.45)
True
