TREE2
(4.24, 0.00, 2.28)
(0.00000, 0.00000, 0.00000, 1.00000)
(1.00, 1.00, 1.00)
TREE2
(1.92, 0.34, 4.79)
(0.00000, 0.00000, 0.00000, 1.00000)
(1.00, 1.00, 1.00)
TREETRUNK
(0.00, 0.00, 0.00)
(-0.70711, 0.00000, 0.00000, 0.70711)
(136.83, 136.83, 136.83)
TREETRUNK
(3.08, 0.19, -1.70)
(-0.70711, 0.00000, 0.00000, 0.70711)
(136.83, 136.83, 136.83)
TREE2
(-4.43, 0.34, 2.31)
(0.00000, 0.00000, 0.00000, 1.00000)
(1.00, 1.00, 1.00)
TREE1
(-6.21, 0.09, -2.84)
(0.00000, 0.00000, 0.00000, 1.00000)
(3.00, 3.00, 3.00)
TREETRUNK
(0.15, 0.19, -3.48)
(-0.70711, 0.00000, 0.00000, 0.70711)
(136.83, 136.83, 136.83)
TREE1
(5.27, 0.00, 2.32)
(0.00000, 0.00000, 0.00000, 1.00000)
(2.00, 2.00, 2.00)
